1.993767261505126953e+00
3.337991476058959961e+00
2.768205642700195312e+00
2.974803209304809570e+00
-2.248441934585571289e+00
1.967043757438659668e+00
1.244325757026672363e+00
2.113714694976806641e+00
-4.208541393280029297e+00
-4.003379046916961670e-01
-4.093718051910400391e+00
1.112977504730224609e+00
-2.229058980941772461e+00
6.130116581916809082e-01
-5.512725114822387695e-01
-2.026671648025512695e+00
-1.206574559211730957e+00
9.257536530494689941e-01
5.606938004493713379e-01
8.023281693458557129e-01
3.588293194770812988e-01
8.399810791015625000e-01
-2.854323625564575195e+00
-1.819146752357482910e+00
-1.251455068588256836e+00
-2.983106970787048340e-01
9.944456219673156738e-01
-6.263369321823120117e-01
2.759898185729980469e+00
2.887193799018859863e+00
