-4.685010910034179688e-01
1.500113368034362793e+00
-1.185784816741943359e+00
1.431135654449462891e+00
-5.412178039550781250e-01
4.833477437496185303e-01
6.235042810440063477e-01
-2.168423235416412354e-01
3.498608171939849854e-01
1.462531924247741699e+00
-2.825117409229278564e-01
9.181928634643554688e-01
-1.215526938438415527e+00
8.722209930419921875e-01
9.595457315444946289e-01
2.774063348770141602e-01
4.746796488761901855e-01
2.648241817951202393e-01
2.118866682052612305e+00
-1.298277020454406738e+00
4.369137883186340332e-01
4.451191052794456482e-02
1.659887433052062988e-01
1.439937591552734375e+00
-1.187491655349731445e+00
-2.199204683303833008e+00
-1.427700638771057129e+00
1.165353972464799881e-02
1.612947225570678711e+00
8.866302669048309326e-02
